(kicad_pcb (version 20171130) (host pcbnew 5.0.2-bee76a0~70~ubuntu18.04.1)

  (general
    (thickness 1.6)
    (drawings 13)
    (tracks 1577)
    (zones 0)
    (modules 68)
    (nets 56)
  )

  (page A4)
  (layers
    (0 F.Cu signal)
    (31 B.Cu signal)
    (32 B.Adhes user)
    (33 F.Adhes user)
    (34 B.Paste user)
    (35 F.Paste user)
    (36 B.SilkS user)
    (37 F.SilkS user)
    (38 B.Mask user)
    (39 F.Mask user)
    (40 Dwgs.User user)
    (41 Cmts.User user)
    (42 Eco1.User user)
    (43 Eco2.User user)
    (44 Edge.Cuts user)
    (45 Margin user)
    (46 B.CrtYd user)
    (47 F.CrtYd user)
    (48 B.Fab user)
    (49 F.Fab user)
  )

  (setup
    (last_trace_width 0.2)
    (user_trace_width 0.3)
    (user_trace_width 0.4)
    (user_trace_width 0.5)
    (user_trace_width 0.8)
    (user_trace_width 1)
    (user_trace_width 1.5)
    (user_trace_width 2)
    (user_trace_width 3)
    (trace_clearance 0.2)
    (zone_clearance 0.508)
    (zone_45_only no)
    (trace_min 0.2)
    (segment_width 0.2)
    (edge_width 0.2)
    (via_size 0.8)
    (via_drill 0.4)
    (via_min_size 0.4)
    (via_min_drill 0.3)
    (user_via 0.5 0.4)
    (user_via 0.6 0.5)
    (user_via 0.7 0.5)
    (user_via 0.8 0.7)
    (user_via 0.9 0.7)
    (user_via 1 0.7)
    (uvia_size 0.3)
    (uvia_drill 0.1)
    (uvias_allowed no)
    (uvia_min_size 0.2)
    (uvia_min_drill 0.1)
    (pcb_text_width 0.3)
    (pcb_text_size 1.5 1.5)
    (mod_edge_width 0.15)
    (mod_text_size 1 1)
    (mod_text_width 0.15)
    (pad_size 1.524 1.524)
    (pad_drill 0.762)
    (pad_to_mask_clearance 0.051)
    (solder_mask_min_width 0.25)
    (aux_axis_origin 0 0)
    (visible_elements FFFFFF7F)
    (pcbplotparams
      (layerselection 0x010fc_ffffffff)
      (usegerberextensions false)
      (usegerberattributes false)
      (usegerberadvancedattributes false)
      (creategerberjobfile false)
      (excludeedgelayer true)
      (linewidth 0.100000)
      (plotframeref false)
      (viasonmask false)
      (mode 1)
      (useauxorigin false)
      (hpglpennumber 1)
      (hpglpenspeed 20)
      (hpglpendiameter 15.000000)
      (psnegative false)
      (psa4output false)
      (plotreference true)
      (plotvalue true)
      (plotinvisibletext false)
      (padsonsilk false)
      (subtractmaskfromsilk false)
      (outputformat 1)
      (mirror false)
      (drillshape 0)
      (scaleselection 1)
      (outputdirectory "KiCAD/"))
  )

  (net 0 "")
  (net 1 VBATT)
  (net 2 GND)
  (net 3 VDD3.3)
  (net 4 OSC2_)
  (net 5 OSC1_)
  (net 6 "Net-(C6-Pad2)")
  (net 7 SOSCO)
  (net 8 SOSCI)
  (net 9 "Net-(D1-Pad2)")
  (net 10 "Net-(D2-Pad2)")
  (net 11 "Net-(D3-Pad2)")
  (net 12 MOTOR1_PWM)
  (net 13 MOTOR2_PWM)
  (net 14 MOTOR3_PWM)
  (net 15 MOTOR4_PWM)
  (net 16 SPI_ATTN_INT_L)
  (net 17 SS2_CSL_2)
  (net 18 SDO2_MOSI_2)
  (net 19 SDI2_MISO_2)
  (net 20 SCK2_SCLK_2)
  (net 21 I2C1_SCL1)
  (net 22 I2C1_SDA1)
  (net 23 MCLR)
  (net 24 PGD)
  (net 25 PGC)
  (net 26 RE1)
  (net 27 RE0)
  (net 28 RE3)
  (net 29 RE2)
  (net 30 RE5)
  (net 31 RE4)
  (net 32 RE7)
  (net 33 RE6)
  (net 34 U1CTS)
  (net 35 U1RX)
  (net 36 U1RTS)
  (net 37 U1TX)
  (net 38 XBEE_RESET)
  (net 39 "Net-(J10-Pad6)")
  (net 40 VBATT_SCALED)
  (net 41 AN12)
  (net 42 AN13)
  (net 43 AN14)
  (net 44 AN15)
  (net 45 USB_BUS)
  (net 46 USB_D-)
  (net 47 USB_D+)
  (net 48 USB_ID)
  (net 49 "Net-(JP2-Pad6)")
  (net 50 "Net-(JP2-Pad15)")
  (net 51 "Net-(R4-Pad2)")
  (net 52 "Net-(R5-Pad1)")
  (net 53 "Net-(R6-Pad2)")
  (net 54 "Net-(R7-Pad1)")
  (net 55 INT1)

  (net_class Default "This is the default net class."
    (clearance 0.2)
    (trace_width 0.2)
    (via_dia 0.8)
    (via_drill 0.4)
    (uvia_dia 0.3)
    (uvia_drill 0.1)
    (add_net AN12)
    (add_net AN13)
    (add_net AN14)
    (add_net AN15)
    (add_net GND)
    (add_net I2C1_SCL1)
    (add_net I2C1_SDA1)
    (add_net INT1)
    (add_net MCLR)
    (add_net MOTOR1_PWM)
    (add_net MOTOR2_PWM)
    (add_net MOTOR3_PWM)
    (add_net MOTOR4_PWM)
    (add_net "Net-(C6-Pad2)")
    (add_net "Net-(D1-Pad2)")
    (add_net "Net-(D2-Pad2)")
    (add_net "Net-(D3-Pad2)")
    (add_net "Net-(J10-Pad6)")
    (add_net "Net-(JP2-Pad15)")
    (add_net "Net-(JP2-Pad6)")
    (add_net "Net-(R4-Pad2)")
    (add_net "Net-(R5-Pad1)")
    (add_net "Net-(R6-Pad2)")
    (add_net "Net-(R7-Pad1)")
    (add_net OSC1_)
    (add_net OSC2_)
    (add_net PGC)
    (add_net PGD)
    (add_net RE0)
    (add_net RE1)
    (add_net RE2)
    (add_net RE3)
    (add_net RE4)
    (add_net RE5)
    (add_net RE6)
    (add_net RE7)
    (add_net SCK2_SCLK_2)
    (add_net SDI2_MISO_2)
    (add_net SDO2_MOSI_2)
    (add_net SOSCI)
    (add_net SOSCO)
    (add_net SPI_ATTN_INT_L)
    (add_net SS2_CSL_2)
    (add_net U1CTS)
    (add_net U1RTS)
    (add_net U1RX)
    (add_net U1TX)
    (add_net USB_BUS)
    (add_net USB_D+)
    (add_net USB_D-)
    (add_net USB_ID)
    (add_net VBATT)
    (add_net VBATT_SCALED)
    (add_net VDD3.3)
    (add_net XBEE_RESET)
  )

  (module Package_QFP:TQFP-100_12x12mm_P0.4mm (layer F.Cu) (tedit 5C0C1A21) (tstamp 5C2611A2)
    (at 150.622 88.392)
    (descr "100-Lead Plastic Thin Quad Flatpack (PT) - 12x12x1 mm Body, 2.00 mm [TQFP] (see Microchip Packaging Specification 00000049BS.pdf)")
    (tags "QFP 0.4")
    (path /5BF9DBC4)
    (attr smd)
    (fp_text reference U4 (at 0 -8.45) (layer F.SilkS)
      (effects (font (size 1 1) (thickness 0.15)))
    )
    (fp_text value PIC32MX795F512L-X_PT (at 0 8.45) (layer F.Fab)
      (effects (font (size 1 1) (thickness 0.15)))
    )
    (fp_text user %R (at 0 0) (layer F.Fab)
      (effects (font (size 1 1) (thickness 0.15)))
    )
    (fp_line (start -5 -6) (end 6 -6) (layer F.Fab) (width 0.15))
    (fp_line (start 6 -6) (end 6 6) (layer F.Fab) (width 0.15))
    (fp_line (start 6 6) (end -6 6) (layer F.Fab) (width 0.15))
    (fp_line (start -6 6) (end -6 -5) (layer F.Fab) (width 0.15))
    (fp_line (start -6 -5) (end -5 -6) (layer F.Fab) (width 0.15))
    (fp_line (start -7.7 -7.7) (end -7.7 7.7) (layer F.CrtYd) (width 0.05))
    (fp_line (start 7.7 -7.7) (end 7.7 7.7) (layer F.CrtYd) (width 0.05))
    (fp_line (start -7.7 -7.7) (end 7.7 -7.7) (layer F.CrtYd) (width 0.05))
    (fp_line (start -7.7 7.7) (end 7.7 7.7) (layer F.CrtYd) (width 0.05))
    (fp_line (start -6.175 -6.175) (end -6.175 -5.2) (layer F.SilkS) (width 0.15))
    (fp_line (start 6.175 -6.175) (end 6.175 -5.125) (layer F.SilkS) (width 0.15))
    (fp_line (start 6.175 6.175) (end 6.175 5.125) (layer F.SilkS) (width 0.15))
    (fp_line (start -6.175 6.175) (end -6.175 5.125) (layer F.SilkS) (width 0.15))
    (fp_line (start -6.175 -6.175) (end -5.125 -6.175) (layer F.SilkS) (width 0.15))
    (fp_line (start -6.175 6.175) (end -5.125 6.175) (layer F.SilkS) (width 0.15))
    (fp_line (start 6.175 6.175) (end 5.125 6.175) (layer F.SilkS) (width 0.15))
    (fp_line (start 6.175 -6.175) (end 5.125 -6.175) (layer F.SilkS) (width 0.15))
    (fp_line (start -6.175 -5.2) (end -7.45 -5.2) (layer F.SilkS) (width 0.15))
    (pad 1 smd rect (at -6.7 -4.8) (size 1.5 0.2) (layers F.Cu F.Paste F.Mask)
      (net 2 GND))
    (pad 2 smd rect (at -6.7 -4.4) (size 1.5 0.2) (layers F.Cu F.Paste F.Mask)
      (net 3 VDD3.3))
    (pad 3 smd rect (at -6.7 -4) (size 1.5 0.2) (layers F.Cu F.Paste F.Mask)
      (net 30 RE5))
    (pad 4 smd rect (at -6.7 -3.6) (size 1.5 0.2) (layers F.Cu F.Paste F.Mask)
      (net 33 RE6))
    (pad 5 smd rect (at -6.7 -3.2) (size 1.5 0.2) (layers F.Cu F.Paste F.Mask)
      (net 32 RE7))
    (pad 6 smd rect (at -6.7 -2.8) (size 1.5 0.2) (layers F.Cu F.Paste F.Mask)
      (net 2 GND))
    (pad 7 smd rect (at -6.7 -2.4) (size 1.5 0.2) (layers F.Cu F.Paste F.Mask)
      (net 2 GND))
    (pad 8 smd rect (at -6.7 -2) (size 1.5 0.2) (layers F.Cu F.Paste F.Mask)
      (net 2 GND))
    (pad 9 smd rect (at -6.7 -1.6) (size 1.5 0.2) (layers F.Cu F.Paste F.Mask)
      (net 2 GND))
    (pad 10 smd rect (at -6.7 -1.2) (size 1.5 0.2) (layers F.Cu F.Paste F.Mask)
      (net 20 SCK2_SCLK_2))
    (pad 11 smd rect (at -6.7 -0.8) (size 1.5 0.2) (layers F.Cu F.Paste F.Mask)
      (net 19 SDI2_MISO_2))
    (pad 12 smd rect (at -6.7 -0.4) (size 1.5 0.2) (layers F.Cu F.Paste F.Mask)
      (net 18 SDO2_MOSI_2))
    (pad 13 smd rect (at -6.7 0) (size 1.5 0.2) (layers F.Cu F.Paste F.Mask)
      (net 23 MCLR))
    (pad 14 smd rect (at -6.7 0.4) (size 1.5 0.2) (layers F.Cu F.Paste F.Mask)
      (net 17 SS2_CSL_2))
    (pad 15 smd rect (at -6.7 0.8) (size 1.5 0.2) (layers F.Cu F.Paste F.Mask)
      (net 2 GND))
    (pad 16 smd rect (at -6.7 1.2) (size 1.5 0.2) (layers F.Cu F.Paste F.Mask)
      (net 3 VDD3.3))
    (pad 17 smd rect (at -6.7 1.6) (size 1.5 0.2) (layers F.Cu F.Paste F.Mask)
      (net 2 GND))
    (pad 18 smd rect (at -6.7 2) (size 1.5 0.2) (layers F.Cu F.Paste F.Mask)
      (net 55 INT1))
    (pad 19 smd rect (at -6.7 2.4) (size 1.5 0.2) (layers F.Cu F.Paste F.Mask)
      (net 16 SPI_ATTN_INT_L))
    (pad 20 smd rect (at -6.7 2.8) (size 1.5 0.2) (layers F.Cu F.Paste F.Mask)
      (net 2 GND))
    (pad 21 smd rect (at -6.7 3.2) (size 1.5 0.2) (layers F.Cu F.Paste F.Mask)
      (net 2 GND))
    (pad 22 smd rect (at -6.7 3.6) (size 1.5 0.2) (layers F.Cu F.Paste F.Mask)
      (net 38 XBEE_RESET))
    (pad 23 smd rect (at -6.7 4) (size 1.5 0.2) (layers F.Cu F.Paste F.Mask)
      (net 2 GND))
    (pad 24 smd rect (at -6.7 4.4) (size 1.5 0.2) (layers F.Cu F.Paste F.Mask)
      (net 25 PGC))
    (pad 25 smd rect (at -6.7 4.8) (size 1.5 0.2) (layers F.Cu F.Paste F.Mask)
      (net 24 PGD))
    (pad 26 smd rect (at -4.8 6.7 90) (size 1.5 0.2) (layers F.Cu F.Paste F.Mask)
      (net 2 GND))
    (pad 27 smd rect (at -4.4 6.7 90) (size 1.5 0.2) (layers F.Cu F.Paste F.Mask)
      (net 40 VBATT_SCALED))
    (pad 28 smd rect (at -4 6.7 90) (size 1.5 0.2) (layers F.Cu F.Paste F.Mask)
      (net 2 GND))
    (pad 29 smd rect (at -3.6 6.7 90) (size 1.5 0.2) (layers F.Cu F.Paste F.Mask)
      (net 2 GND))
    (pad 30 smd rect (at -3.2 6.7 90) (size 1.5 0.2) (layers F.Cu F.Paste F.Mask)
      (net 3 VDD3.3))
    (pad 31 smd rect (at -2.8 6.7 90) (size 1.5 0.2) (layers F.Cu F.Paste F.Mask)
      (net 2 GND))
    (pad 32 smd rect (at -2.4 6.7 90) (size 1.5 0.2) (layers F.Cu F.Paste F.Mask)
      (net 2 GND))
    (pad 33 smd rect (at -2 6.7 90) (size 1.5 0.2) (layers F.Cu F.Paste F.Mask)
      (net 2 GND))
    (pad 34 smd rect (at -1.6 6.7 90) (size 1.5 0.2) (layers F.Cu F.Paste F.Mask)
      (net 2 GND))
    (pad 35 smd rect (at -1.2 6.7 90) (size 1.5 0.2) (layers F.Cu F.Paste F.Mask)
      (net 2 GND))
    (pad 36 smd rect (at -0.8 6.7 90) (size 1.5 0.2) (layers F.Cu F.Paste F.Mask)
      (net 2 GND))
    (pad 37 smd rect (at -0.4 6.7 90) (size 1.5 0.2) (layers F.Cu F.Paste F.Mask)
      (net 3 VDD3.3))
    (pad 38 smd rect (at 0 6.7 90) (size 1.5 0.2) (layers F.Cu F.Paste F.Mask)
      (net 2 GND))
    (pad 39 smd rect (at 0.4 6.7 90) (size 1.5 0.2) (layers F.Cu F.Paste F.Mask)
      (net 2 GND))
    (pad 40 smd rect (at 0.8 6.7 90) (size 1.5 0.2) (layers F.Cu F.Paste F.Mask)
      (net 2 GND))
    (pad 41 smd rect (at 1.2 6.7 90) (size 1.5 0.2) (layers F.Cu F.Paste F.Mask)
      (net 41 AN12))
    (pad 42 smd rect (at 1.6 6.7 90) (size 1.5 0.2) (layers F.Cu F.Paste F.Mask)
      (net 42 AN13))
    (pad 43 smd rect (at 2 6.7 90) (size 1.5 0.2) (layers F.Cu F.Paste F.Mask)
      (net 43 AN14))
    (pad 44 smd rect (at 2.4 6.7 90) (size 1.5 0.2) (layers F.Cu F.Paste F.Mask)
      (net 44 AN15))
    (pad 45 smd rect (at 2.8 6.7 90) (size 1.5 0.2) (layers F.Cu F.Paste F.Mask)
      (net 2 GND))
    (pad 46 smd rect (at 3.2 6.7 90) (size 1.5 0.2) (layers F.Cu F.Paste F.Mask)
      (net 3 VDD3.3))
    (pad 47 smd rect (at 3.6 6.7 90) (size 1.5 0.2) (layers F.Cu F.Paste F.Mask)
      (net 34 U1CTS))
    (pad 48 smd rect (at 4 6.7 90) (size 1.5 0.2) (layers F.Cu F.Paste F.Mask)
      (net 36 U1RTS))
    (pad 49 smd rect (at 4.4 6.7 90) (size 1.5 0.2) (layers F.Cu F.Paste F.Mask)
      (net 2 GND))
    (pad 50 smd rect (at 4.8 6.7 90) (size 1.5 0.2) (layers F.Cu F.Paste F.Mask)
      (net 2 GND))
    (pad 51 smd rect (at 6.7 4.8) (size 1.5 0.2) (layers F.Cu F.Paste F.Mask)
      (net 48 USB_ID))
    (pad 52 smd rect (at 6.7 4.4) (size 1.5 0.2) (layers F.Cu F.Paste F.Mask)
      (net 35 U1RX))
    (pad 53 smd rect (at 6.7 4) (size 1.5 0.2) (layers F.Cu F.Paste F.Mask)
      (net 37 U1TX))
    (pad 54 smd rect (at 6.7 3.6) (size 1.5 0.2) (layers F.Cu F.Paste F.Mask)
      (net 45 USB_BUS))
    (pad 55 smd rect (at 6.7 3.2) (size 1.5 0.2) (layers F.Cu F.Paste F.Mask)
      (net 3 VDD3.3))
    (pad 56 smd rect (at 6.7 2.8) (size 1.5 0.2) (layers F.Cu F.Paste F.Mask)
      (net 46 USB_D-))
    (pad 57 smd rect (at 6.7 2.4) (size 1.5 0.2) (layers F.Cu F.Paste F.Mask)
      (net 47 USB_D+))
    (pad 58 smd rect (at 6.7 2) (size 1.5 0.2) (layers F.Cu F.Paste F.Mask)
      (net 2 GND))
    (pad 59 smd rect (at 6.7 1.6) (size 1.5 0.2) (layers F.Cu F.Paste F.Mask)
      (net 2 GND))
    (pad 60 smd rect (at 6.7 1.2) (size 1.5 0.2) (layers F.Cu F.Paste F.Mask)
      (net 2 GND))
    (pad 61 smd rect (at 6.7 0.8) (size 1.5 0.2) (layers F.Cu F.Paste F.Mask)
      (net 2 GND))
    (pad 62 smd rect (at 6.7 0.4) (size 1.5 0.2) (layers F.Cu F.Paste F.Mask)
      (net 3 VDD3.3))
    (pad 63 smd rect (at 6.7 0) (size 1.5 0.2) (layers F.Cu F.Paste F.Mask)
      (net 5 OSC1_))
    (pad 64 smd rect (at 6.7 -0.4) (size 1.5 0.2) (layers F.Cu F.Paste F.Mask)
      (net 4 OSC2_))
    (pad 65 smd rect (at 6.7 -0.8) (size 1.5 0.2) (layers F.Cu F.Paste F.Mask)
      (net 2 GND))
    (pad 66 smd rect (at 6.7 -1.2) (size 1.5 0.2) (layers F.Cu F.Paste F.Mask)
      (net 21 I2C1_SCL1))
    (pad 67 smd rect (at 6.7 -1.6) (size 1.5 0.2) (layers F.Cu F.Paste F.Mask)
      (net 22 I2C1_SDA1))
    (pad 68 smd rect (at 6.7 -2) (size 1.5 0.2) (layers F.Cu F.Paste F.Mask)
      (net 2 GND))
    (pad 69 smd rect (at 6.7 -2.4) (size 1.5 0.2) (layers F.Cu F.Paste F.Mask)
      (net 2 GND))
    (pad 70 smd rect (at 6.7 -2.8) (size 1.5 0.2) (layers F.Cu F.Paste F.Mask)
      (net 2 GND))
    (pad 71 smd rect (at 6.7 -3.2) (size 1.5 0.2) (layers F.Cu F.Paste F.Mask)
      (net 2 GND))
    (pad 72 smd rect (at 6.7 -3.6) (size 1.5 0.2) (layers F.Cu F.Paste F.Mask)
      (net 12 MOTOR1_PWM))
    (pad 73 smd rect (at 6.7 -4) (size 1.5 0.2) (layers F.Cu F.Paste F.Mask)
      (net 8 SOSCI))
    (pad 74 smd rect (at 6.7 -4.4) (size 1.5 0.2) (layers F.Cu F.Paste F.Mask)
      (net 7 SOSCO))
    (pad 75 smd rect (at 6.7 -4.8) (size 1.5 0.2) (layers F.Cu F.Paste F.Mask)
      (net 2 GND))
    (pad 76 smd rect (at 4.8 -6.7 90) (size 1.5 0.2) (layers F.Cu F.Paste F.Mask)
      (net 13 MOTOR2_PWM))
    (pad 77 smd rect (at 4.4 -6.7 90) (size 1.5 0.2) (layers F.Cu F.Paste F.Mask)
      (net 14 MOTOR3_PWM))
    (pad 78 smd rect (at 4 -6.7 90) (size 1.5 0.2) (layers F.Cu F.Paste F.Mask)
      (net 15 MOTOR4_PWM))
    (pad 79 smd rect (at 3.6 -6.7 90) (size 1.5 0.2) (layers F.Cu F.Paste F.Mask)
      (net 2 GND))
    (pad 80 smd rect (at 3.2 -6.7 90) (size 1.5 0.2) (layers F.Cu F.Paste F.Mask)
      (net 2 GND))
    (pad 81 smd rect (at 2.8 -6.7 90) (size 1.5 0.2) (layers F.Cu F.Paste F.Mask)
      (net 2 GND))
    (pad 82 smd rect (at 2.4 -6.7 90) (size 1.5 0.2) (layers F.Cu F.Paste F.Mask)
      (net 2 GND))
    (pad 83 smd rect (at 2 -6.7 90) (size 1.5 0.2) (layers F.Cu F.Paste F.Mask)
      (net 2 GND))
    (pad 84 smd rect (at 1.6 -6.7 90) (size 1.5 0.2) (layers F.Cu F.Paste F.Mask)
      (net 2 GND))
    (pad 85 smd rect (at 1.2 -6.7 90) (size 1.5 0.2) (layers F.Cu F.Paste F.Mask)
      (net 6 "Net-(C6-Pad2)"))
    (pad 86 smd rect (at 0.8 -6.7 90) (size 1.5 0.2) (layers F.Cu F.Paste F.Mask)
      (net 3 VDD3.3))
    (pad 87 smd rect (at 0.4 -6.7 90) (size 1.5 0.2) (layers F.Cu F.Paste F.Mask)
      (net 2 GND))
    (pad 88 smd rect (at 0 -6.7 90) (size 1.5 0.2) (layers F.Cu F.Paste F.Mask)
      (net 2 GND))
    (pad 89 smd rect (at -0.4 -6.7 90) (size 1.5 0.2) (layers F.Cu F.Paste F.Mask)
      (net 2 GND))
    (pad 90 smd rect (at -0.8 -6.7 90) (size 1.5 0.2) (layers F.Cu F.Paste F.Mask)
      (net 2 GND))
    (pad 91 smd rect (at -1.2 -6.7 90) (size 1.5 0.2) (layers F.Cu F.Paste F.Mask)
      (net 2 GND))
    (pad 92 smd rect (at -1.6 -6.7 90) (size 1.5 0.2) (layers F.Cu F.Paste F.Mask)
      (net 2 GND))
    (pad 93 smd rect (at -2 -6.7 90) (size 1.5 0.2) (layers F.Cu F.Paste F.Mask)
      (net 27 RE0))
    (pad 94 smd rect (at -2.4 -6.7 90) (size 1.5 0.2) (layers F.Cu F.Paste F.Mask)
      (net 26 RE1))
    (pad 95 smd rect (at -2.8 -6.7 90) (size 1.5 0.2) (layers F.Cu F.Paste F.Mask)
      (net 2 GND))
    (pad 96 smd rect (at -3.2 -6.7 90) (size 1.5 0.2) (layers F.Cu F.Paste F.Mask)
      (net 2 GND))
    (pad 97 smd rect (at -3.6 -6.7 90) (size 1.5 0.2) (layers F.Cu F.Paste F.Mask)
      (net 2 GND))
    (pad 98 smd rect (at -4 -6.7 90) (size 1.5 0.2) (layers F.Cu F.Paste F.Mask)
      (net 29 RE2))
    (pad 99 smd rect (at -4.4 -6.7 90) (size 1.5 0.2) (layers F.Cu F.Paste F.Mask)
      (net 28 RE3))
    (pad 100 smd rect (at -4.8 -6.7 90) (size 1.5 0.2) (layers F.Cu F.Paste F.Mask)
      (net 31 RE4))
    (model ${KISYS3DMOD}/Package_QFP.3dshapes/TQFP-100_12x12mm_P0.4mm.wrl
      (at (xyz 0 0 0))
      (scale (xyz 1 1 1))
      (rotate (xyz 0 0 0))
    )
  )

  (module MountingHole:MountingHole_3.2mm_M3 (layer F.Cu) (tedit 56D1B4CB) (tstamp 5C263824)
    (at 191.897 71.247)
    (descr "Mounting Hole 3.2mm, no annular, M3")
    (tags "mounting hole 3.2mm no annular m3")
    (path /5C023C9A)
    (attr virtual)
    (fp_text reference H11 (at 0 -4.2) (layer F.SilkS)
      (effects (font (size 1 1) (thickness 0.15)))
    )
    (fp_text value MountingHole (at 0 4.2) (layer F.Fab)
      (effects (font (size 1 1) (thickness 0.15)))
    )
    (fp_circle (center 0 0) (end 3.45 0) (layer F.CrtYd) (width 0.05))
    (fp_circle (center 0 0) (end 3.2 0) (layer Cmts.User) (width 0.15))
    (fp_text user %R (at 0.3 0) (layer F.Fab)
      (effects (font (size 1 1) (thickness 0.15)))
    )
    (pad 1 np_thru_hole circle (at 0 0) (size 3.2 3.2) (drill 3.2) (layers *.Cu *.Mask))
  )

  (module MountingHole:MountingHole_3.2mm_M3 (layer F.Cu) (tedit 56D1B4CB) (tstamp 5C263824)
    (at 191.897 115.062)
    (descr "Mounting Hole 3.2mm, no annular, M3")
    (tags "mounting hole 3.2mm no annular m3")
    (path /5C023C9A)
    (attr virtual)
    (fp_text reference H11 (at 0 -4.2) (layer F.SilkS)
      (effects (font (size 1 1) (thickness 0.15)))
    )
    (fp_text value MountingHole (at 0 4.2) (layer F.Fab)
      (effects (font (size 1 1) (thickness 0.15)))
    )
    (fp_circle (center 0 0) (end 3.45 0) (layer F.CrtYd) (width 0.05))
    (fp_circle (center 0 0) (end 3.2 0) (layer Cmts.User) (width 0.15))
    (fp_text user %R (at 0.3 0) (layer F.Fab)
      (effects (font (size 1 1) (thickness 0.15)))
    )
    (pad 1 np_thru_hole circle (at 0 0) (size 3.2 3.2) (drill 3.2) (layers *.Cu *.Mask))
  )

  (module MountingHole:MountingHole_3.2mm_M3 (layer F.Cu) (tedit 56D1B4CB) (tstamp 5C2637EF)
    (at 99.822 115.062)
    (descr "Mounting Hole 3.2mm, no annular, M3")
    (tags "mounting hole 3.2mm no annular m3")
    (path /5C023C9A)
    (attr virtual)
    (fp_text reference H11 (at 0 -4.2) (layer F.SilkS)
      (effects (font (size 1 1) (thickness 0.15)))
    )
    (fp_text value MountingHole (at 0 4.2) (layer F.Fab)
      (effects (font (size 1 1) (thickness 0.15)))
    )
    (fp_text user %R (at 0.3 0) (layer F.Fab)
      (effects (font (size 1 1) (thickness 0.15)))
    )
    (fp_circle (center 0 0) (end 3.2 0) (layer Cmts.User) (width 0.15))
    (fp_circle (center 0 0) (end 3.45 0) (layer F.CrtYd) (width 0.05))
    (pad 1 np_thru_hole circle (at 0 0) (size 3.2 3.2) (drill 3.2) (layers *.Cu *.Mask))
  )

  (module MountingHole:MountingHole_3.2mm_M3 (layer F.Cu) (tedit 56D1B4CB) (tstamp 5C2637C3)
    (at 99.822 71.247)
    (descr "Mounting Hole 3.2mm, no annular, M3")
    (tags "mounting hole 3.2mm no annular m3")
    (path /5C023C9A)
    (attr virtual)
    (fp_text reference H11 (at 0 -4.2) (layer F.SilkS)
      (effects (font (size 1 1) (thickness 0.15)))
    )
    (fp_text value MountingHole (at 0 4.2) (layer F.Fab)
      (effects (font (size 1 1) (thickness 0.15)))
    )
    (fp_circle (center 0 0) (end 3.45 0) (layer F.CrtYd) (width 0.05))
    (fp_circle (center 0 0) (end 3.2 0) (layer Cmts.User) (width 0.15))
    (fp_text user %R (at 0.3 0) (layer F.Fab)
      (effects (font (size 1 1) (thickness 0.15)))
    )
    (pad 1 np_thru_hole circle (at 0 0) (size 3.2 3.2) (drill 3.2) (layers *.Cu *.Mask))
  )

  (module Capacitor_SMD:C_0805_2012Metric_Pad1.15x1.40mm_HandSolder (layer F.Cu) (tedit 5B36C52B) (tstamp 5C260CE6)
    (at 171.967 78.232 180)
    (descr "Capacitor SMD 0805 (2012 Metric), square (rectangular) end terminal, IPC_7351 nominal with elongated pad for handsoldering. (Body size source: https://docs.google.com/spreadsheets/d/1BsfQQcO9C6DZCsRaXUlFlo91Tg2WpOkGARC1WS5S8t0/edit?usp=sharing), generated with kicad-footprint-generator")
    (tags "capacitor handsolder")
    (path /5BFAD563)
    (attr smd)
    (fp_text reference C1 (at 0 -1.65 180) (layer F.SilkS)
      (effects (font (size 1 1) (thickness 0.15)))
    )
    (fp_text value C_10uF (at 0 1.65 180) (layer F.Fab)
      (effects (font (size 1 1) (thickness 0.15)))
    )
    (fp_line (start -1 0.6) (end -1 -0.6) (layer F.Fab) (width 0.1))
    (fp_line (start -1 -0.6) (end 1 -0.6) (layer F.Fab) (width 0.1))
    (fp_line (start 1 -0.6) (end 1 0.6) (layer F.Fab) (width 0.1))
    (fp_line (start 1 0.6) (end -1 0.6) (layer F.Fab) (width 0.1))
    (fp_line (start -0.261252 -0.71) (end 0.261252 -0.71) (layer F.SilkS) (width 0.12))
    (fp_line (start -0.261252 0.71) (end 0.261252 0.71) (layer F.SilkS) (width 0.12))
    (fp_line (start -1.85 0.95) (end -1.85 -0.95) (layer F.CrtYd) (width 0.05))
    (fp_line (start -1.85 -0.95) (end 1.85 -0.95) (layer F.CrtYd) (width 0.05))
    (fp_line (start 1.85 -0.95) (end 1.85 0.95) (layer F.CrtYd) (width 0.05))
    (fp_line (start 1.85 0.95) (end -1.85 0.95) (layer F.CrtYd) (width 0.05))
    (fp_text user %R (at 0 0 180) (layer F.Fab)
      (effects (font (size 0.5 0.5) (thickness 0.08)))
    )
    (pad 1 smd roundrect (at -1.025 0 180) (size 1.15 1.4) (layers F.Cu F.Paste F.Mask) (roundrect_rratio 0.217391)
      (net 1 VBATT))
    (pad 2 smd roundrect (at 1.025 0 180) (size 1.15 1.4) (layers F.Cu F.Paste F.Mask) (roundrect_rratio 0.217391)
      (net 2 GND))
    (model ${KISYS3DMOD}/Capacitor_SMD.3dshapes/C_0805_2012Metric.wrl
      (at (xyz 0 0 0))
      (scale (xyz 1 1 1))
      (rotate (xyz 0 0 0))
    )
  )

  (module Capacitor_SMD:C_1206_3216Metric_Pad1.42x1.75mm_HandSolder (layer F.Cu) (tedit 5B301BBE) (tstamp 5C260CF7)
    (at 178.1445 78.232 180)
    (descr "Capacitor SMD 1206 (3216 Metric), square (rectangular) end terminal, IPC_7351 nominal with elongated pad for handsoldering. (Body size source: http://www.tortai-tech.com/upload/download/2011102023233369053.pdf), generated with kicad-footprint-generator")
    (tags "capacitor handsolder")
    (path /5BFAD5CA)
    (attr smd)
    (fp_text reference C2 (at 0 -1.82 180) (layer F.SilkS)
      (effects (font (size 1 1) (thickness 0.15)))
    )
    (fp_text value C_22uF (at 0 1.82 180) (layer F.Fab)
      (effects (font (size 1 1) (thickness 0.15)))
    )
    (fp_line (start -1.6 0.8) (end -1.6 -0.8) (layer F.Fab) (width 0.1))
    (fp_line (start -1.6 -0.8) (end 1.6 -0.8) (layer F.Fab) (width 0.1))
    (fp_line (start 1.6 -0.8) (end 1.6 0.8) (layer F.Fab) (width 0.1))
    (fp_line (start 1.6 0.8) (end -1.6 0.8) (layer F.Fab) (width 0.1))
    (fp_line (start -0.602064 -0.91) (end 0.602064 -0.91) (layer F.SilkS) (width 0.12))
    (fp_line (start -0.602064 0.91) (end 0.602064 0.91) (layer F.SilkS) (width 0.12))
    (fp_line (start -2.45 1.12) (end -2.45 -1.12) (layer F.CrtYd) (width 0.05))
    (fp_line (start -2.45 -1.12) (end 2.45 -1.12) (layer F.CrtYd) (width 0.05))
    (fp_line (start 2.45 -1.12) (end 2.45 1.12) (layer F.CrtYd) (width 0.05))
    (fp_line (start 2.45 1.12) (end -2.45 1.12) (layer F.CrtYd) (width 0.05))
    (fp_text user %R (at 0 0 180) (layer F.Fab)
      (effects (font (size 0.8 0.8) (thickness 0.12)))
    )
    (pad 1 smd roundrect (at -1.4875 0 180) (size 1.425 1.75) (layers F.Cu F.Paste F.Mask) (roundrect_rratio 0.175439)
      (net 3 VDD3.3))
    (pad 2 smd roundrect (at 1.4875 0 180) (size 1.425 1.75) (layers F.Cu F.Paste F.Mask) (roundrect_rratio 0.175439)
      (net 2 GND))
    (model ${KISYS3DMOD}/Capacitor_SMD.3dshapes/C_1206_3216Metric.wrl
      (at (xyz 0 0 0))
      (scale (xyz 1 1 1))
      (rotate (xyz 0 0 0))
    )
  )

  (module Capacitor_SMD:C_0603_1608Metric_Pad1.05x0.95mm_HandSolder (layer F.Cu) (tedit 5B301BBE) (tstamp 5C260D08)
    (at 172.847 85.612 90)
    (descr "Capacitor SMD 0603 (1608 Metric), square (rectangular) end terminal, IPC_7351 nominal with elongated pad for handsoldering. (Body size source: http://www.tortai-tech.com/upload/download/2011102023233369053.pdf), generated with kicad-footprint-generator")
    (tags "capacitor handsolder")
    (path /5BFFC786)
    (attr smd)
    (fp_text reference C4 (at 0 -1.43 90) (layer F.SilkS)
      (effects (font (size 1 1) (thickness 0.15)))
    )
    (fp_text value C26pF (at 0 1.43 90) (layer F.Fab)
      (effects (font (size 1 1) (thickness 0.15)))
    )
    (fp_line (start -0.8 0.4) (end -0.8 -0.4) (layer F.Fab) (width 0.1))
    (fp_line (start -0.8 -0.4) (end 0.8 -0.4) (layer F.Fab) (width 0.1))
    (fp_line (start 0.8 -0.4) (end 0.8 0.4) (layer F.Fab) (width 0.1))
    (fp_line (start 0.8 0.4) (end -0.8 0.4) (layer F.Fab) (width 0.1))
    (fp_line (start -0.171267 -0.51) (end 0.171267 -0.51) (layer F.SilkS) (width 0.12))
    (fp_line (start -0.171267 0.51) (end 0.171267 0.51) (layer F.SilkS) (width 0.12))
    (fp_line (start -1.65 0.73) (end -1.65 -0.73) (layer F.CrtYd) (width 0.05))
    (fp_line (start -1.65 -0.73) (end 1.65 -0.73) (layer F.CrtYd) (width 0.05))
    (fp_line (start 1.65 -0.73) (end 1.65 0.73) (layer F.CrtYd) (width 0.05))
    (fp_line (start 1.65 0.73) (end -1.65 0.73) (layer F.CrtYd) (width 0.05))
    (fp_text user %R (at 0 0 90) (layer F.Fab)
      (effects (font (size 0.4 0.4) (thickness 0.06)))
    )
    (pad 1 smd roundrect (at -0.875 0 90) (size 1.05 0.95) (layers F.Cu F.Paste F.Mask) (roundrect_rratio 0.25)
      (net 4 OSC2_))
    (pad 2 smd roundrect (at 0.875 0 90) (size 1.05 0.95) (layers F.Cu F.Paste F.Mask) (roundrect_rratio 0.25)
      (net 2 GND))
    (model ${KISYS3DMOD}/Capacitor_SMD.3dshapes/C_0603_1608Metric.wrl
      (at (xyz 0 0 0))
      (scale (xyz 1 1 1))
      (rotate (xyz 0 0 0))
    )
  )

  (module Capacitor_SMD:C_0603_1608Metric_Pad1.05x0.95mm_HandSolder (layer F.Cu) (tedit 5B301BBE) (tstamp 5C260D19)
    (at 172.847 94.347 270)
    (descr "Capacitor SMD 0603 (1608 Metric), square (rectangular) end terminal, IPC_7351 nominal with elongated pad for handsoldering. (Body size source: http://www.tortai-tech.com/upload/download/2011102023233369053.pdf), generated with kicad-footprint-generator")
    (tags "capacitor handsolder")
    (path /5BFFC7EE)
    (attr smd)
    (fp_text reference C5 (at 0 -1.43 270) (layer F.SilkS)
      (effects (font (size 1 1) (thickness 0.15)))
    )
    (fp_text value C26pF (at 0 1.43 270) (layer F.Fab)
      (effects (font (size 1 1) (thickness 0.15)))
    )
    (fp_text user %R (at 0 0 270) (layer F.Fab)
      (effects (font (size 0.4 0.4) (thickness 0.06)))
    )
    (fp_line (start 1.65 0.73) (end -1.65 0.73) (layer F.CrtYd) (width 0.05))
    (fp_line (start 1.65 -0.73) (end 1.65 0.73) (layer F.CrtYd) (width 0.05))
    (fp_line (start -1.65 -0.73) (end 1.65 -0.73) (layer F.CrtYd) (width 0.05))
    (fp_line (start -1.65 0.73) (end -1.65 -0.73) (layer F.CrtYd) (width 0.05))
    (fp_line (start -0.171267 0.51) (end 0.171267 0.51) (layer F.SilkS) (width 0.12))
    (fp_line (start -0.171267 -0.51) (end 0.171267 -0.51) (layer F.SilkS) (width 0.12))
    (fp_line (start 0.8 0.4) (end -0.8 0.4) (layer F.Fab) (width 0.1))
    (fp_line (start 0.8 -0.4) (end 0.8 0.4) (layer F.Fab) (width 0.1))
    (fp_line (start -0.8 -0.4) (end 0.8 -0.4) (layer F.Fab) (width 0.1))
    (fp_line (start -0.8 0.4) (end -0.8 -0.4) (layer F.Fab) (width 0.1))
    (pad 2 smd roundrect (at 0.875 0 270) (size 1.05 0.95) (layers F.Cu F.Paste F.Mask) (roundrect_rratio 0.25)
      (net 5 OSC1_))
    (pad 1 smd roundrect (at -0.875 0 270) (size 1.05 0.95) (layers F.Cu F.Paste F.Mask) (roundrect_rratio 0.25)
      (net 2 GND))
    (model ${KISYS3DMOD}/Capacitor_SMD.3dshapes/C_0603_1608Metric.wrl
      (at (xyz 0 0 0))
      (scale (xyz 1 1 1))
      (rotate (xyz 0 0 0))
    )
  )

  (module Capacitor_SMD:C_0603_1608Metric_Pad1.05x0.95mm_HandSolder (layer F.Cu) (tedit 5B301BBE) (tstamp 5C260D2A)
    (at 149.747 76.962)
    (descr "Capacitor SMD 0603 (1608 Metric), square (rectangular) end terminal, IPC_7351 nominal with elongated pad for handsoldering. (Body size source: http://www.tortai-tech.com/upload/download/2011102023233369053.pdf), generated with kicad-footprint-generator")
    (tags "capacitor handsolder")
    (path /5C069BC0)
    (attr smd)
    (fp_text reference C6 (at 0 -1.43) (layer F.SilkS)
      (effects (font (size 1 1) (thickness 0.15)))
    )
    (fp_text value C10uF (at 0 1.43) (layer F.Fab)
      (effects (font (size 1 1) (thickness 0.15)))
    )
    (fp_line (start -0.8 0.4) (end -0.8 -0.4) (layer F.Fab) (width 0.1))
    (fp_line (start -0.8 -0.4) (end 0.8 -0.4) (layer F.Fab) (width 0.1))
    (fp_line (start 0.8 -0.4) (end 0.8 0.4) (layer F.Fab) (width 0.1))
    (fp_line (start 0.8 0.4) (end -0.8 0.4) (layer F.Fab) (width 0.1))
    (fp_line (start -0.171267 -0.51) (end 0.171267 -0.51) (layer F.SilkS) (width 0.12))
    (fp_line (start -0.171267 0.51) (end 0.171267 0.51) (layer F.SilkS) (width 0.12))
    (fp_line (start -1.65 0.73) (end -1.65 -0.73) (layer F.CrtYd) (width 0.05))
    (fp_line (start -1.65 -0.73) (end 1.65 -0.73) (layer F.CrtYd) (width 0.05))
    (fp_line (start 1.65 -0.73) (end 1.65 0.73) (layer F.CrtYd) (width 0.05))
    (fp_line (start 1.65 0.73) (end -1.65 0.73) (layer F.CrtYd) (width 0.05))
    (fp_text user %R (at 0 0) (layer F.Fab)
      (effects (font (size 0.4 0.4) (thickness 0.06)))
    )
    (pad 1 smd roundrect (at -0.875 0) (size 1.05 0.95) (layers F.Cu F.Paste F.Mask) (roundrect_rratio 0.25)
      (net 2 GND))
    (pad 2 smd roundrect (at 0.875 0) (size 1.05 0.95) (layers F.Cu F.Paste F.Mask) (roundrect_rratio 0.25)
      (net 6 "Net-(C6-Pad2)"))
    (model ${KISYS3DMOD}/Capacitor_SMD.3dshapes/C_0603_1608Metric.wrl
      (at (xyz 0 0 0))
      (scale (xyz 1 1 1))
      (rotate (xyz 0 0 0))
    )
  )

  (module Capacitor_SMD:C_0603_1608Metric_Pad1.05x0.95mm_HandSolder (layer F.Cu) (tedit 5B301BBE) (tstamp 5C260D3B)
    (at 160.528 90.057 90)
    (descr "Capacitor SMD 0603 (1608 Metric), square (rectangular) end terminal, IPC_7351 nominal with elongated pad for handsoldering. (Body size source: http://www.tortai-tech.com/upload/download/2011102023233369053.pdf), generated with kicad-footprint-generator")
    (tags "capacitor handsolder")
    (path /5C06DD01)
    (attr smd)
    (fp_text reference C7 (at 0 -1.43 90) (layer F.SilkS)
      (effects (font (size 1 1) (thickness 0.15)))
    )
    (fp_text value C.1uF (at 0 1.43 90) (layer F.Fab)
      (effects (font (size 1 1) (thickness 0.15)))
    )
    (fp_line (start -0.8 0.4) (end -0.8 -0.4) (layer F.Fab) (width 0.1))
    (fp_line (start -0.8 -0.4) (end 0.8 -0.4) (layer F.Fab) (width 0.1))
    (fp_line (start 0.8 -0.4) (end 0.8 0.4) (layer F.Fab) (width 0.1))
    (fp_line (start 0.8 0.4) (end -0.8 0.4) (layer F.Fab) (width 0.1))
    (fp_line (start -0.171267 -0.51) (end 0.171267 -0.51) (layer F.SilkS) (width 0.12))
    (fp_line (start -0.171267 0.51) (end 0.171267 0.51) (layer F.SilkS) (width 0.12))
    (fp_line (start -1.65 0.73) (end -1.65 -0.73) (layer F.CrtYd) (width 0.05))
    (fp_line (start -1.65 -0.73) (end 1.65 -0.73) (layer F.CrtYd) (width 0.05))
    (fp_line (start 1.65 -0.73) (end 1.65 0.73) (layer F.CrtYd) (width 0.05))
    (fp_line (start 1.65 0.73) (end -1.65 0.73) (layer F.CrtYd) (width 0.05))
    (fp_text user %R (at 0 0 90) (layer F.Fab)
      (effects (font (size 0.4 0.4) (thickness 0.06)))
    )
    (pad 1 smd roundrect (at -0.875 0 90) (size 1.05 0.95) (layers F.Cu F.Paste F.Mask) (roundrect_rratio 0.25)
      (net 2 GND))
    (pad 2 smd roundrect (at 0.875 0 90) (size 1.05 0.95) (layers F.Cu F.Paste F.Mask) (roundrect_rratio 0.25)
      (net 3 VDD3.3))
    (model ${KISYS3DMOD}/Capacitor_SMD.3dshapes/C_0603_1608Metric.wrl
      (at (xyz 0 0 0))
      (scale (xyz 1 1 1))
      (rotate (xyz 0 0 0))
    )
  )

  (module Capacitor_SMD:C_0603_1608Metric_Pad1.05x0.95mm_HandSolder (layer F.Cu) (tedit 5B301BBE) (tstamp 5C260D4C)
    (at 145.175 76.962 180)
    (descr "Capacitor SMD 0603 (1608 Metric), square (rectangular) end terminal, IPC_7351 nominal with elongated pad for handsoldering. (Body size source: http://www.tortai-tech.com/upload/download/2011102023233369053.pdf), generated with kicad-footprint-generator")
    (tags "capacitor handsolder")
    (path /5C069F9C)
    (attr smd)
    (fp_text reference C8 (at 0 -1.43 180) (layer F.SilkS)
      (effects (font (size 1 1) (thickness 0.15)))
    )
    (fp_text value C.1uF (at 0 1.43 180) (layer F.Fab)
      (effects (font (size 1 1) (thickness 0.15)))
    )
    (fp_text user %R (at 0 0 180) (layer F.Fab)
      (effects (font (size 0.4 0.4) (thickness 0.06)))
    )
    (fp_line (start 1.65 0.73) (end -1.65 0.73) (layer F.CrtYd) (width 0.05))
    (fp_line (start 1.65 -0.73) (end 1.65 0.73) (layer F.CrtYd) (width 0.05))
    (fp_line (start -1.65 -0.73) (end 1.65 -0.73) (layer F.CrtYd) (width 0.05))
    (fp_line (start -1.65 0.73) (end -1.65 -0.73) (layer F.CrtYd) (width 0.05))
    (fp_line (start -0.171267 0.51) (end 0.171267 0.51) (layer F.SilkS) (width 0.12))
    (fp_line (start -0.171267 -0.51) (end 0.171267 -0.51) (layer F.SilkS) (width 0.12))
    (fp_line (start 0.8 0.4) (end -0.8 0.4) (layer F.Fab) (width 0.1))
    (fp_line (start 0.8 -0.4) (end 0.8 0.4) (layer F.Fab) (width 0.1))
    (fp_line (start -0.8 -0.4) (end 0.8 -0.4) (layer F.Fab) (width 0.1))
    (fp_line (start -0.8 0.4) (end -0.8 -0.4) (layer F.Fab) (width 0.1))
    (pad 2 smd roundrect (at 0.875 0 180) (size 1.05 0.95) (layers F.Cu F.Paste F.Mask) (roundrect_rratio 0.25)
      (net 2 GND))
    (pad 1 smd roundrect (at -0.875 0 180) (size 1.05 0.95) (layers F.Cu F.Paste F.Mask) (roundrect_rratio 0.25)
      (net 3 VDD3.3))
    (model ${KISYS3DMOD}/Capacitor_SMD.3dshapes/C_0603_1608Metric.wrl
      (at (xyz 0 0 0))
      (scale (xyz 1 1 1))
      (rotate (xyz 0 0 0))
    )
  )

  (module Capacitor_SMD:C_0603_1608Metric_Pad1.05x0.95mm_HandSolder (layer F.Cu) (tedit 5B301BBE) (tstamp 5C2656CB)
    (at 140.462 81.407 90)
    (descr "Capacitor SMD 0603 (1608 Metric), square (rectangular) end terminal, IPC_7351 nominal with elongated pad for handsoldering. (Body size source: http://www.tortai-tech.com/upload/download/2011102023233369053.pdf), generated with kicad-footprint-generator")
    (tags "capacitor handsolder")
    (path /5C066ECD)
    (attr smd)
    (fp_text reference C9 (at 0 -1.43 90) (layer F.SilkS)
      (effects (font (size 1 1) (thickness 0.15)))
    )
    (fp_text value C_.1uF (at 0 1.43 90) (layer F.Fab)
      (effects (font (size 1 1) (thickness 0.15)))
    )
    (fp_text user %R (at 0 0 90) (layer F.Fab)
      (effects (font (size 0.4 0.4) (thickness 0.06)))
    )
    (fp_line (start 1.65 0.73) (end -1.65 0.73) (layer F.CrtYd) (width 0.05))
    (fp_line (start 1.65 -0.73) (end 1.65 0.73) (layer F.CrtYd) (width 0.05))
    (fp_line (start -1.65 -0.73) (end 1.65 -0.73) (layer F.CrtYd) (width 0.05))
    (fp_line (start -1.65 0.73) (end -1.65 -0.73) (layer F.CrtYd) (width 0.05))
    (fp_line (start -0.171267 0.51) (end 0.171267 0.51) (layer F.SilkS) (width 0.12))
    (fp_line (start -0.171267 -0.51) (end 0.171267 -0.51) (layer F.SilkS) (width 0.12))
    (fp_line (start 0.8 0.4) (end -0.8 0.4) (layer F.Fab) (width 0.1))
    (fp_line (start 0.8 -0.4) (end 0.8 0.4) (layer F.Fab) (width 0.1))
    (fp_line (start -0.8 -0.4) (end 0.8 -0.4) (layer F.Fab) (width 0.1))
    (fp_line (start -0.8 0.4) (end -0.8 -0.4) (layer F.Fab) (width 0.1))
    (pad 2 smd roundrect (at 0.875 0 90) (size 1.05 0.95) (layers F.Cu F.Paste F.Mask) (roundrect_rratio 0.25)
      (net 2 GND))
    (pad 1 smd roundrect (at -0.875 0 90) (size 1.05 0.95) (layers F.Cu F.Paste F.Mask) (roundrect_rratio 0.25)
      (net 3 VDD3.3))
    (model ${KISYS3DMOD}/Capacitor_SMD.3dshapes/C_0603_1608Metric.wrl
      (at (xyz 0 0 0))
      (scale (xyz 1 1 1))
      (rotate (xyz 0 0 0))
    )
  )

  (module Capacitor_SMD:C_0603_1608Metric_Pad1.05x0.95mm_HandSolder (layer F.Cu) (tedit 5B301BBE) (tstamp 5C260D6E)
    (at 137.922 98.552 90)
    (descr "Capacitor SMD 0603 (1608 Metric), square (rectangular) end terminal, IPC_7351 nominal with elongated pad for handsoldering. (Body size source: http://www.tortai-tech.com/upload/download/2011102023233369053.pdf), generated with kicad-footprint-generator")
    (tags "capacitor handsolder")
    (path /5C042B3D)
    (attr smd)
    (fp_text reference C10 (at 0 -1.43 90) (layer F.SilkS)
      (effects (font (size 1 1) (thickness 0.15)))
    )
    (fp_text value C_.1uF (at 0 1.43 90) (layer F.Fab)
      (effects (font (size 1 1) (thickness 0.15)))
    )
    (fp_line (start -0.8 0.4) (end -0.8 -0.4) (layer F.Fab) (width 0.1))
    (fp_line (start -0.8 -0.4) (end 0.8 -0.4) (layer F.Fab) (width 0.1))
    (fp_line (start 0.8 -0.4) (end 0.8 0.4) (layer F.Fab) (width 0.1))
    (fp_line (start 0.8 0.4) (end -0.8 0.4) (layer F.Fab) (width 0.1))
    (fp_line (start -0.171267 -0.51) (end 0.171267 -0.51) (layer F.SilkS) (width 0.12))
    (fp_line (start -0.171267 0.51) (end 0.171267 0.51) (layer F.SilkS) (width 0.12))
    (fp_line (start -1.65 0.73) (end -1.65 -0.73) (layer F.CrtYd) (width 0.05))
    (fp_line (start -1.65 -0.73) (end 1.65 -0.73) (layer F.CrtYd) (width 0.05))
    (fp_line (start 1.65 -0.73) (end 1.65 0.73) (layer F.CrtYd) (width 0.05))
    (fp_line (start 1.65 0.73) (end -1.65 0.73) (layer F.CrtYd) (width 0.05))
    (fp_text user %R (at 0 0 90) (layer F.Fab)
      (effects (font (size 0.4 0.4) (thickness 0.06)))
    )
    (pad 1 smd roundrect (at -0.875 0 90) (size 1.05 0.95) (layers F.Cu F.Paste F.Mask) (roundrect_rratio 0.25)
      (net 2 GND))
    (pad 2 smd roundrect (at 0.875 0 90) (size 1.05 0.95) (layers F.Cu F.Paste F.Mask) (roundrect_rratio 0.25)
      (net 3 VDD3.3))
    (model ${KISYS3DMOD}/Capacitor_SMD.3dshapes/C_0603_1608Metric.wrl
      (at (xyz 0 0 0))
      (scale (xyz 1 1 1))
      (rotate (xyz 0 0 0))
    )
  )

  (module Capacitor_SMD:C_0603_1608Metric_Pad1.05x0.95mm_HandSolder (layer F.Cu) (tedit 5B301BBE) (tstamp 5C260D7F)
    (at 142.367 101.727)
    (descr "Capacitor SMD 0603 (1608 Metric), square (rectangular) end terminal, IPC_7351 nominal with elongated pad for handsoldering. (Body size source: http://www.tortai-tech.com/upload/download/2011102023233369053.pdf), generated with kicad-footprint-generator")
    (tags "capacitor handsolder")
    (path /5C04A259)
    (attr smd)
    (fp_text reference C11 (at 0 -1.43) (layer F.SilkS)
      (effects (font (size 1 1) (thickness 0.15)))
    )
    (fp_text value C.1uF (at 0 1.43) (layer F.Fab)
      (effects (font (size 1 1) (thickness 0.15)))
    )
    (fp_text user %R (at 0 0) (layer F.Fab)
      (effects (font (size 0.4 0.4) (thickness 0.06)))
    )
    (fp_line (start 1.65 0.73) (end -1.65 0.73) (layer F.CrtYd) (width 0.05))
    (fp_line (start 1.65 -0.73) (end 1.65 0.73) (layer F.CrtYd) (width 0.05))
    (fp_line (start -1.65 -0.73) (end 1.65 -0.73) (layer F.CrtYd) (width 0.05))
    (fp_line (start -1.65 0.73) (end -1.65 -0.73) (layer F.CrtYd) (width 0.05))
    (fp_line (start -0.171267 0.51) (end 0.171267 0.51) (layer F.SilkS) (width 0.12))
